Runs done	Reff	LogReff	VolumeError	LindstromMeasure	MAREMeasure	PERC	UZL	K0	K1	K2	MAXBAS	Cet	PCALT	TCALT	Pelev	Telev	TT	CFMAX	SFCF	CFR	CWH	FC	LP	BETA
50	0.676638381186593	0.681247290729117	0.955816639174191	0.672220045104012	0.430425525760451	1.90014170384972	50.9053880772113	0.338362951315177	0.0775048128131334	0.0355190985889263	1.94429249430275	0.110370086231441	10	0.6	0	0	-1.06450188558758	0.810586276143131	0.773023566917062	0.05	0.1	392.153326255341	0.697008084131874	4.71009268411905
100	0.750253306883553	0.602258992443648	0.963762338438763	0.746629540727429	0.392326037085693	3.17437433599232	43.6353611646956	0.295412785321054	0.0893308575634523	0.0423301003883966	1.65469489882453	0.256074970148539	10	0.6	0	0	0.462181225401434	1.0650121758529	0.53944663109232	0.05	0.1	224.908972841194	0.39506534538002	2.10415465152748
165	0.756680842242718	0.612240170972472	0.992048068056234	0.755885649048341	0.38482401038743	3.42983746025464	43.192433154175	0.316530656370709	0.0830824326160057	0.0425196208405458	1.61089685584463	0.26883160009959	10	0.6	0	0	0.462181225401434	0.986935167697772	0.520979237376316	0.05	0.1	194.270758719706	0.39506534538002	2.11649218197309
241	0.763081980930239	0.63995358826187	0.964720183144103	0.75955399924465	0.436075088511479	3.43565737059281	42.3408125854682	0.296639907679102	0.0910248866266345	0.0418393280299576	1.59668717026137	0.264797931241044	10	0.6	0	0	0.438189241620855	1.09169229245501	0.533316016166999	0.05	0.1	212.269170245504	0.392875506353137	2.26407694638043
291	0.836587621362115	0.641472856503595	0.949366738763863	0.831524295238501	0.427216625039129	3.49155310890244	58.2065921230541	0.163940648188395	0.0914557833166651	0.0495132427471748	1.61085912927862	0.13263082529075	10	0.6	0	0	0.159629662346854	1.0650121758529	0.659597763276016	0.05	0.1	260.873525926612	0.644536395820739	3.07540152132297
369	0.84367819642706	0.640492516669482	0.937567334586344	0.837434929885694	0.449013913868995	3.71788751084717	65.9824593822711	0.11586685929214	0.0853957565503258	0.0515136699908325	1.4603168967432	0.145648026452438	10	0.6	0	0	0.212469730919587	1.18321739605168	0.672933587746837	0.05	0.1	273.21105449472	0.708636821240285	3.52182465933009
419	0.84367819642706	0.640492516669482	0.937567334586344	0.837434929885694	0.449013913868995	3.71788751084717	65.9824593822711	0.11586685929214	0.0853957565503258	0.0515136699908325	1.4603168967432	0.145648026452438	10	0.6	0	0	0.212469730919587	1.18321739605168	0.672933587746837	0.05	0.1	273.21105449472	0.708636821240285	3.52182465933009
469	0.84367819642706	0.640492516669482	0.937567334586344	0.837434929885694	0.449013913868995	3.71788751084717	65.9824593822711	0.11586685929214	0.0853957565503258	0.0515136699908325	1.4603168967432	0.145648026452438	10	0.6	0	0	0.212469730919587	1.18321739605168	0.672933587746837	0.05	0.1	273.21105449472	0.708636821240285	3.52182465933009
535	0.84367819642706	0.640492516669482	0.937567334586344	0.837434929885694	0.449013913868995	3.71788751084717	65.9824593822711	0.11586685929214	0.0853957565503258	0.0515136699908325	1.4603168967432	0.145648026452438	10	0.6	0	0	0.212469730919587	1.18321739605168	0.672933587746837	0.05	0.1	273.21105449472	0.708636821240285	3.52182465933009
585	0.84367819642706	0.640492516669482	0.937567334586344	0.837434929885694	0.449013913868995	3.71788751084717	65.9824593822711	0.11586685929214	0.0853957565503258	0.0515136699908325	1.4603168967432	0.145648026452438	10	0.6	0	0	0.212469730919587	1.18321739605168	0.672933587746837	0.05	0.1	273.21105449472	0.708636821240285	3.52182465933009
635	0.84367819642706	0.640492516669482	0.937567334586344	0.837434929885694	0.449013913868995	3.71788751084717	65.9824593822711	0.11586685929214	0.0853957565503258	0.0515136699908325	1.4603168967432	0.145648026452438	10	0.6	0	0	0.212469730919587	1.18321739605168	0.672933587746837	0.05	0.1	273.21105449472	0.708636821240285	3.52182465933009
699	0.84367819642706	0.640492516669482	0.937567334586344	0.837434929885694	0.449013913868995	3.71788751084717	65.9824593822711	0.11586685929214	0.0853957565503258	0.0515136699908325	1.4603168967432	0.145648026452438	10	0.6	0	0	0.212469730919587	1.18321739605168	0.672933587746837	0.05	0.1	273.21105449472	0.708636821240285	3.52182465933009
749	0.847293054726538	0.684240188606741	0.991755875827496	0.846468642309288	0.519292098892501	3.49155310890244	39.1025193682861	0.325902693816488	0.0705475024209889	0.048683595026012	1.60272399104771	0.146541827416657	10	0.6	0	0	0.212469730919587	1.18321739605168	0.664308237908114	0.05	0.1	314.725152852351	0.708636821240285	4.1277082768506
808	0.850873422516035	0.698834232925716	0.978782287174925	0.848751651233527	0.537271967733239	2.78912131990731	41.5946175682759	0.325902693816488	0.0705475024209889	0.0497021039286344	1.60272399104771	0.146882052301932	10	0.6	0	0	0.212469730919587	1.18321739605168	0.664308237908114	0.05	0.1	284.105322374583	0.708636821240285	4.1277082768506
858	0.85313834370052	0.712182199542986	0.993590515983177	0.852497395298838	0.586992185414709	2.78912131990731	43.0129594043889	0.325902693816488	0.0694872395399366	0.0497021039286344	1.60272399104771	0.145807874688176	10	0.6	0	0	0.212047995907269	1.14907748753545	0.672933587746837	0.05	0.1	284.105322374583	0.708636821240285	4.80242233714202
917	0.853671577198611	0.694056850893875	0.954769939847449	0.849148571183355	0.536348040742003	3.45014549722196	43.0129594043889	0.272399079804063	0.0577509767591314	0.0515136699908325	2.27122554312052	0.137368498603151	10	0.6	0	0	0.230500621062116	1.18321739605168	0.672933587746837	0.05	0.1	266.334692175533	0.708636821240285	4.09139648314879
967	0.854859565978736	0.682717704531704	0.972808690514487	0.852140435030184	0.534498816775105	3.07143655431394	43.0129594043889	0.272399079804063	0.0694872395399366	0.0515136699908325	1.60272399104771	0.145807874688176	10	0.6	0	0	0.230500621062116	1.18321739605168	0.672933587746837	0.05	0.1	284.105322374583	0.708636821240285	4.09139648314879
1031	0.855527356585818	0.684851350353056	0.974604120191246	0.852987768604943	0.534851004327729	3.71788751084717	43.0129594043889	0.179959222040039	0.0694872395399366	0.0515136699908325	1.60272399104771	0.145807874688176	10	0.6	0	0	0.212425938653825	1.18321739605168	0.670117824172296	0.05	0.1	284.105322374583	0.708636821240285	4.09139648314879
1081	0.856740828972134	0.715111258869803	0.959998433235406	0.852740672295674	0.515874736756966	3.71788751084717	43.0129594043889	0.179959222040039	0.0694872395399366	0.047085519062291	1.47234917815486	0.0887437174044287	10	0.6	0	0	0.212425938653825	1.18321739605168	0.661833568855928	0.05	0.1	266.654050156329	0.708636821240285	4.09139648314879
1172	0.856740828972134	0.715111258869803	0.959998433235406	0.852740672295674	0.515874736756966	3.71788751084717	43.0129594043889	0.179959222040039	0.0694872395399366	0.047085519062291	1.47234917815486	0.0887437174044287	10	0.6	0	0	0.212425938653825	1.18321739605168	0.661833568855928	0.05	0.1	266.654050156329	0.708636821240285	4.09139648314879
1222	0.856740828972134	0.715111258869803	0.959998433235406	0.852740672295674	0.515874736756966	3.71788751084717	43.0129594043889	0.179959222040039	0.0694872395399366	0.047085519062291	1.47234917815486	0.0887437174044287	10	0.6	0	0	0.212425938653825	1.18321739605168	0.661833568855928	0.05	0.1	266.654050156329	0.708636821240285	4.09139648314879
1272	0.858133735424214	0.705557980281217	0.986911703717783	0.856824905795992	0.554205725876997	3.65955796389353	43.0129594043889	0.193706651552014	0.0596284873607729	0.0515386241882091	1.88078484690238	0.0885363056736702	10	0.6	0	0	0.195361577431681	1.18321739605168	0.658749910424958	0.05	0.1	284.105322374583	0.708636821240285	4.33441404472566
1339	0.858133735424214	0.705557980281217	0.986911703717783	0.856824905795992	0.554205725876997	3.65955796389353	43.0129594043889	0.193706651552014	0.0596284873607729	0.0515386241882091	1.88078484690238	0.0885363056736702	10	0.6	0	0	0.195361577431681	1.18321739605168	0.658749910424958	0.05	0.1	284.105322374583	0.708636821240285	4.33441404472566
1405	0.858133735424214	0.705557980281217	0.986911703717783	0.856824905795992	0.554205725876997	3.65955796389353	43.0129594043889	0.193706651552014	0.0596284873607729	0.0515386241882091	1.88078484690238	0.0885363056736702	10	0.6	0	0	0.195361577431681	1.18321739605168	0.658749910424958	0.05	0.1	284.105322374583	0.708636821240285	4.33441404472566
1469	0.858380889131554	0.716624297756525	0.967054627080118	0.855086351839566	0.548155280821237	3.73769375110869	43.0129594043889	0.204926493205158	0.0654880183616487	0.048784816621734	1.52225686339047	0.0885363056736702	10	0.6	0	0	0.208513890578527	1.13005910223348	0.661833568855928	0.05	0.1	267.611093589981	0.708639384215077	4.33441404472566
1534	0.859312566775	0.707927022881982	0.98988778739479	0.858301345514479	0.552175389339405	3.45895013457725	43.6498617351651	0.22347844552297	0.0633731065266877	0.0497512870643376	1.73446455861066	0.0885363056736702	10	0.6	0	0	0.212425938653825	1.18321739605168	0.658444667510719	0.05	0.1	284.105322374583	0.707466480672523	4.33441404472566
1584	0.859312566775	0.707927022881982	0.98988778739479	0.858301345514479	0.552175389339405	3.45895013457725	43.6498617351651	0.22347844552297	0.0633731065266877	0.0497512870643376	1.73446455861066	0.0885363056736702	10	0.6	0	0	0.212425938653825	1.18321739605168	0.658444667510719	0.05	0.1	284.105322374583	0.707466480672523	4.33441404472566
1634	0.859312566775	0.707927022881982	0.98988778739479	0.858301345514479	0.552175389339405	3.45895013457725	43.6498617351651	0.22347844552297	0.0633731065266877	0.0497512870643376	1.73446455861066	0.0885363056736702	10	0.6	0	0	0.212425938653825	1.18321739605168	0.658444667510719	0.05	0.1	284.105322374583	0.707466480672523	4.33441404472566
1684	0.859312566775	0.707927022881982	0.98988778739479	0.858301345514479	0.552175389339405	3.45895013457725	43.6498617351651	0.22347844552297	0.0633731065266877	0.0497512870643376	1.73446455861066	0.0885363056736702	10	0.6	0	0	0.212425938653825	1.18321739605168	0.658444667510719	0.05	0.1	284.105322374583	0.707466480672523	4.33441404472566
1734	0.859490501853784	0.702852318285639	0.988608022212991	0.858351304075084	0.55176764027275	3.65955796389353	45.0579340384159	0.233036287670576	0.0633731065266877	0.0505021704016219	1.73446455861066	0.0885363056736702	10	0.6	0	0	0.212425938653825	1.18321739605168	0.656534248563358	0.05	0.1	283.380084766815	0.708566588413857	4.31975605800268
1784	0.859748426196174	0.709113364650372	0.983891974546657	0.85813762365084	0.551887547700638	3.45895013457725	43.6498617351651	0.22347844552297	0.0633731065266877	0.0497512870643376	1.73446455861066	0.0885363056736702	10	0.6	0	0	0.227818889884376	1.18321739605168	0.658444667510719	0.05	0.1	279.631083844249	0.708636821240285	4.33441404472566
1852	0.859802620752088	0.703269082470214	0.980629024401354	0.857865523192223	0.539406776423305	3.45895013457725	43.6498617351651	0.220139035313207	0.063737714082265	0.0497243016479983	1.67361440933788	0.0885363056736702	10	0.6	0	0	0.234991108321104	1.18321739605168	0.658444667510719	0.05	0.1	279.631083844249	0.708636821240285	4.22301883853799
1902	0.859900243471961	0.713208723569488	0.982472977704958	0.858147541242457	0.557639339569869	3.45895013457725	43.6498617351651	0.201262941597207	0.0633731065266877	0.0497049658218377	1.71208566380348	0.10359245080297	10	0.6	0	0	0.227818889884376	1.18321739605168	0.658956147039399	0.05	0.1	277.16977181034	0.708151564023541	4.33441404472566
1972	0.860861485308519	0.70628035112216	0.972825054982776	0.858143990806796	0.546933341761148	3.45895013457725	47.5015469486419	0.204245522150728	0.0659625065735471	0.0496102901183981	1.65620920291869	0.088832882423425	10	0.6	0	0	0.234991108321104	1.18321739605168	0.680859994626369	0.05	0.1	280.285122008193	0.708221392252185	4.32888931007124
2039	0.860861485308519	0.70628035112216	0.972825054982776	0.858143990806796	0.546933341761148	3.45895013457725	47.5015469486419	0.204245522150728	0.0659625065735471	0.0496102901183981	1.65620920291869	0.088832882423425	10	0.6	0	0	0.234991108321104	1.18321739605168	0.680859994626369	0.05	0.1	280.285122008193	0.708221392252185	4.32888931007124
2089	0.860949893166566	0.705944945973612	0.983107144583152	0.859260607624882	0.559449497147462	3.43943700007882	43.6498617351651	0.32590633257477	0.0623136835074688	0.0506628955668443	1.51095709107004	0.0885363056736702	10	0.6	0	0	0.231451390320451	1.18321739605168	0.65946442628062	0.05	0.1	277.16977181034	0.708497264027959	4.37746984026744
2139	0.860949893166566	0.705944945973612	0.983107144583152	0.859260607624882	0.559449497147462	3.43943700007882	43.6498617351651	0.32590633257477	0.0623136835074688	0.0506628955668443	1.51095709107004	0.0885363056736702	10	0.6	0	0	0.231451390320451	1.18321739605168	0.65946442628062	0.05	0.1	277.16977181034	0.708497264027959	4.37746984026744
2242	0.861081236472861	0.704411353553758	0.981508643747755	0.859232100847636	0.563143357959029	3.29693532217471	42.5022744930567	0.363094967956725	0.0613279053160562	0.0510336660518101	1.42674350079974	0.0885363056736702	10	0.6	0	0	0.244916771099317	1.18321739605168	0.659481781917277	0.05	0.1	275.021220221909	0.70850480210907	4.40727500387152
2292	0.861143825173512	0.694506054962887	0.973851037851484	0.85852892895866	0.555074164498675	3.45895013457725	43.6498617351651	0.189485817482767	0.065897381293694	0.0515782605570863	1.71061925496506	0.0955888277285293	10	0.6	0	0	0.234991108321104	1.18321739605168	0.680859994626369	0.05	0.1	280.040398017107	0.70721272876474	4.32848924524576
2342	0.861257145707946	0.709701210903583	0.974981570196992	0.858755302727645	0.554316518134826	3.45895013457725	51.6198035430255	0.209617663217652	0.0641697573548125	0.0496009929085188	1.53108333529823	0.0955888277285293	10	0.6	0	0	0.234300879299852	1.18321739605168	0.680859994626369	0.05	0.1	280.285122008193	0.708221392252185	4.37746984026744
2427	0.861257145707946	0.709701210903583	0.974981570196992	0.858755302727645	0.554316518134826	3.45895013457725	51.6198035430255	0.209617663217652	0.0641697573548125	0.0496009929085188	1.53108333529823	0.0955888277285293	10	0.6	0	0	0.234300879299852	1.18321739605168	0.680859994626369	0.05	0.1	280.285122008193	0.708221392252185	4.37746984026744
2516	0.861413992132404	0.702258696641482	0.974507425301268	0.858864734662531	0.55480297478671	3.45895013457725	42.70099583145	0.207160840411436	0.0641697573548125	0.0505919516199524	1.59276957758358	0.0895286559702039	10	0.6	0	0	0.234991108321104	1.18321739605168	0.680859994626369	0.05	0.1	280.284649092971	0.708221392252185	4.37746984026744
2566	0.861413992132404	0.702258696641482	0.974507425301268	0.858864734662531	0.55480297478671	3.45895013457725	42.70099583145	0.207160840411436	0.0641697573548125	0.0505919516199524	1.59276957758358	0.0895286559702039	10	0.6	0	0	0.234991108321104	1.18321739605168	0.680859994626369	0.05	0.1	280.284649092971	0.708221392252185	4.37746984026744
2632	0.861464211127114	0.698374501418995	0.972700759822184	0.858734287109333	0.553228658832677	3.45895013457725	51.6198035430255	0.166624310946046	0.0616040346207649	0.0510548078281963	1.47680797593424	0.0894245103808355	10	0.6	0	0	0.232209336261276	1.18274223017275	0.680859994626369	0.05	0.1	279.29708613187	0.708231562096048	4.35477989683805
2682	0.861628553706038	0.709091494179659	0.978797633622089	0.859508317068247	0.555426777339784	3.45895013457725	51.6198035430255	0.166624310946046	0.0621428539607061	0.0502742836777586	1.68016973627133	0.0894245103808355	10	0.6	0	0	0.232209336261276	1.23094811510805	0.673540099059034	0.05	0.1	279.29708613187	0.708231562096048	4.35477989683805
2732	0.86194024271753	0.706350341896707	0.970625527801485	0.859002795497678	0.559196526645932	3.45895013457725	51.279910002169	0.208931958099492	0.0621428539607061	0.0509372065728774	1.53108333529823	0.0953683429489443	10	0.6	0	0	0.234991108321104	1.2213233548513	0.680859994626369	0.05	0.1	273.943847910597	0.707131608787088	4.35477989683805
2782	0.86220230130803	0.703968312021966	0.977756569679474	0.859977958275978	0.560347844902967	3.45895013457725	44.5585667217163	0.207596047144749	0.0621428539607061	0.0509372065728774	1.58159263209431	0.0953683429489443	10	0.6	0	0	0.234991108321104	1.21649563431459	0.680859994626369	0.05	0.1	280.284649092971	0.707131608787088	4.37940672263041
2852	0.862227926606579	0.701877631523452	0.97555177985646	0.859783104592225	0.554485358529513	3.45895013457725	51.7294168800523	0.202903212729191	0.0616729114738306	0.0509691341085864	1.50517306883533	0.0893772828303084	10	0.6	0	0	0.235399530831088	1.2268243918173	0.680859994626369	0.05	0.1	279.29708613187	0.707115271233743	4.33372496047399
2902	0.862227926606579	0.701877631523452	0.97555177985646	0.859783104592225	0.554485358529513	3.45895013457725	51.7294168800523	0.202903212729191	0.0616729114738306	0.0509691341085864	1.50517306883533	0.0893772828303084	10	0.6	0	0	0.235399530831088	1.2268243918173	0.680859994626369	0.05	0.1	279.29708613187	0.707115271233743	4.33372496047399
2972	0.862227926606579	0.701877631523452	0.97555177985646	0.859783104592225	0.554485358529513	3.45895013457725	51.7294168800523	0.202903212729191	0.0616729114738306	0.0509691341085864	1.50517306883533	0.0893772828303084	10	0.6	0	0	0.235399530831088	1.2268243918173	0.680859994626369	0.05	0.1	279.29708613187	0.707115271233743	4.33372496047399
3022	0.862350790247848	0.706086632447989	0.980970333519728	0.860447823599821	0.567595169561516	3.45677240397187	44.4753330285516	0.202887419990857	0.0621428539607061	0.0511142250120676	1.58822365684886	0.0897461779610956	10	0.6	0	0	0.233327775617408	1.23094811510805	0.680881634802968	0.05	0.1	280.284649092971	0.706963420581522	4.46158178969991
3072	0.862350790247848	0.706086632447989	0.980970333519728	0.860447823599821	0.567595169561516	3.45677240397187	44.4753330285516	0.202887419990857	0.0621428539607061	0.0511142250120676	1.58822365684886	0.0897461779610956	10	0.6	0	0	0.233327775617408	1.23094811510805	0.680881634802968	0.05	0.1	280.284649092971	0.706963420581522	4.46158178969991
3122	0.862366012293226	0.713414929785767	0.980364242029221	0.860402436496148	0.571146950118024	3.59198588486388	49.1696314424942	0.202903212729191	0.0629913964157631	0.0504501112073788	1.61550389388943	0.0919631356067464	10	0.6	0	0	0.233022345977409	1.23094811510805	0.68218797700286	0.05	0.1	278.634894380848	0.706848818830188	4.50651604786962
3172	0.862439747079058	0.708015578220761	0.978575656809416	0.86029731276	0.563838281202147	3.59198588486388	49.1696314424942	0.206454148389629	0.0629913964157631	0.0507119383191698	1.60652642074574	0.0919631356067464	10	0.6	0	0	0.232209336261276	1.23084313942788	0.683514870807541	0.05	0.1	280.284649092971	0.707325131963168	4.4290327566627
3245	0.862439747079058	0.708015578220761	0.978575656809416	0.86029731276	0.563838281202147	3.59198588486388	49.1696314424942	0.206454148389629	0.0629913964157631	0.0507119383191698	1.60652642074574	0.0919631356067464	10	0.6	0	0	0.232209336261276	1.23084313942788	0.683514870807541	0.05	0.1	280.284649092971	0.707325131963168	4.4290327566627
3295	0.862509253864916	0.706495278213896	0.977518060477198	0.860261059912636	0.560282208732534	3.59198588486388	49.1696314424942	0.206454148389629	0.0621428539607061	0.0507119383191698	1.5921732385838	0.0915984460348985	10	0.6	0	0	0.234290712617682	1.23094811510805	0.683514870807541	0.05	0.1	280.279519420192	0.707115271233743	4.39302752902814
3345	0.862554692403005	0.709233967221409	0.979925816184963	0.860547274021501	0.567321189302951	3.59198588486388	49.742492201427	0.206454148389629	0.0623113154068598	0.0507119383191698	1.59678795636317	0.0918399578670734	10	0.6	0	0	0.234290712617682	1.23094811510805	0.683514870807541	0.05	0.1	280.279519420192	0.707134268653476	4.46631177733689
3395	0.862575291874071	0.710256068513717	0.980714982471982	0.86064679012127	0.568983226025696	3.77341539402186	49.3577370778493	0.202902874056484	0.0633926021576065	0.0507119383191698	1.58526660631975	0.0966253747299055	10	0.6	0	0	0.234290712617682	1.23094811510805	0.681566333819493	0.05	0.1	279.864682971253	0.707134268653476	4.46631177733689
3445	0.862575291874071	0.710256068513717	0.980714982471982	0.86064679012127	0.568983226025696	3.77341539402186	49.3577370778493	0.202902874056484	0.0633926021576065	0.0507119383191698	1.58526660631975	0.0966253747299055	10	0.6	0	0	0.234290712617682	1.23094811510805	0.681566333819493	0.05	0.1	279.864682971253	0.707134268653476	4.46631177733689
3525	0.862705575126917	0.700827921020573	0.98609600100497	0.861315175227414	0.57403158260191	3.99959665068407	49.5176796695242	0.204484571403973	0.0623172706626386	0.0519597871890031	1.56372581658666	0.0959783568084084	10	0.6	0	0	0.230960557990008	1.23594325178182	0.680791446191221	0.05	0.1	283.49567334632	0.707277954283268	4.51129564381513
3575	0.862705575126917	0.700827921020573	0.98609600100497	0.861315175227414	0.57403158260191	3.99959665068407	49.5176796695242	0.204484571403973	0.0623172706626386	0.0519597871890031	1.56372581658666	0.0959783568084084	10	0.6	0	0	0.230960557990008	1.23594325178182	0.680791446191221	0.05	0.1	283.49567334632	0.707277954283268	4.51129564381513
3639	0.862705575126917	0.700827921020573	0.98609600100497	0.861315175227414	0.57403158260191	3.99959665068407	49.5176796695242	0.204484571403973	0.0623172706626386	0.0519597871890031	1.56372581658666	0.0959783568084084	10	0.6	0	0	0.230960557990008	1.23594325178182	0.680791446191221	0.05	0.1	283.49567334632	0.707277954283268	4.51129564381513
3699	0.862705575126917	0.700827921020573	0.98609600100497	0.861315175227414	0.57403158260191	3.99959665068407	49.5176796695242	0.204484571403973	0.0623172706626386	0.0519597871890031	1.56372581658666	0.0959783568084084	10	0.6	0	0	0.230960557990008	1.23594325178182	0.680791446191221	0.05	0.1	283.49567334632	0.707277954283268	4.51129564381513
3782	0.862792672077595	0.708903428717605	0.983884791596129	0.861181151237208	0.571157689615884	3.99959665068407	49.5176796695242	0.205068304155873	0.0626113423720075	0.0508654544898167	1.5797686845463	0.0926875467000786	10	0.6	0	0	0.231803500276031	1.23077304545065	0.682499918168996	0.05	0.1	282.327701182752	0.707277954283268	4.51129564381513
3832	0.862792672077595	0.708903428717605	0.983884791596129	0.861181151237208	0.571157689615884	3.99959665068407	49.5176796695242	0.205068304155873	0.0626113423720075	0.0508654544898167	1.5797686845463	0.0926875467000786	10	0.6	0	0	0.231803500276031	1.23077304545065	0.682499918168996	0.05	0.1	282.327701182752	0.707277954283268	4.51129564381513
3892	0.862835088428931	0.709845241314198	0.983900853973577	0.861225173826289	0.57084902559289	3.99959665068407	49.1195285694224	0.205068304155873	0.0622849013985403	0.0507196083908532	1.5797686845463	0.0926875467000786	10	0.6	0	0	0.234615085740282	1.23118190651484	0.682499918168996	0.05	0.1	282.327701182752	0.707262205348218	4.51129564381513
3953	0.862835088428931	0.709845241314198	0.983900853973577	0.861225173826289	0.57084902559289	3.99959665068407	49.1195285694224	0.205068304155873	0.0622849013985403	0.0507196083908532	1.5797686845463	0.0926875467000786	10	0.6	0	0	0.234615085740282	1.23118190651484	0.682499918168996	0.05	0.1	282.327701182752	0.707262205348218	4.51129564381513
4003	0.862835088428931	0.709845241314198	0.983900853973577	0.861225173826289	0.57084902559289	3.99959665068407	49.1195285694224	0.205068304155873	0.0622849013985403	0.0507196083908532	1.5797686845463	0.0926875467000786	10	0.6	0	0	0.234615085740282	1.23118190651484	0.682499918168996	0.05	0.1	282.327701182752	0.707262205348218	4.51129564381513
4073	0.862840528244249	0.70989114823659	0.983808614323564	0.861221389676606	0.570772643495437	3.99959665068407	47.0133518927863	0.205068304155873	0.0620051968590027	0.0507119383191698	1.5797686845463	0.0926875467000786	10	0.6	0	0	0.234615085740282	1.23118190651484	0.682681613126599	0.05	0.1	282.327701182752	0.707272276189121	4.51129564381513
4135	0.862872391276195	0.700619668869755	0.988831770228312	0.861755568299026	0.577574069118486	3.99959665068407	49.3399834196611	0.331184382344897	0.0624040127637224	0.0519597871890031	1.60576399927647	0.094542698281839	10	0.6	0	0	0.233140398174781	1.23094364560606	0.682499918168996	0.05	0.1	282.372059330703	0.701066635828962	4.5052861334365
4185	0.862914785901341	0.703272498469266	0.988833734324337	0.861798159333775	0.576996922488718	3.99795424359696	49.3399834196611	0.331184382344897	0.0624040127637224	0.0516178847050333	1.5797686845463	0.094542698281839	10	0.6	0	0	0.233140398174781	1.23118190651484	0.682542618911864	0.05	0.1	282.393885636772	0.701066635828962	4.5052861334365
4251	0.862914785901341	0.703272498469266	0.988833734324337	0.861798159333775	0.576996922488718	3.99795424359696	49.3399834196611	0.331184382344897	0.0624040127637224	0.0516178847050333	1.5797686845463	0.094542698281839	10	0.6	0	0	0.233140398174781	1.23118190651484	0.682542618911864	0.05	0.1	282.393885636772	0.701066635828962	4.5052861334365
4329	0.862924079424036	0.703053399282488	0.989166243844375	0.861840703808473	0.577005954625737	3.99795424359696	49.4438907811798	0.2018474669519	0.0624505735342843	0.0516178847050333	1.5797686845463	0.0929285473345781	10	0.6	0	0	0.233572341625704	1.23118190651484	0.682681613126599	0.05	0.1	282.687997875579	0.701066635828962	4.51129564381513
4379	0.862924079424036	0.703053399282488	0.989166243844375	0.861840703808473	0.577005954625737	3.99795424359696	49.4438907811798	0.2018474669519	0.0624505735342843	0.0516178847050333	1.5797686845463	0.0929285473345781	10	0.6	0	0	0.233572341625704	1.23118190651484	0.682681613126599	0.05	0.1	282.687997875579	0.701066635828962	4.51129564381513
4429	0.862931993654082	0.702585332611526	0.988103354580583	0.86174232911214	0.575009834629659	3.99795424359696	49.1195285694224	0.205068304155873	0.062229059193901	0.0516178847050333	1.5797686845463	0.0929271071350053	10	0.6	0	0	0.233149291684258	1.23054391633601	0.682541160194247	0.05	0.1	282.372059330703	0.701066635828962	4.48602783491111
4479	0.862931993654082	0.702585332611526	0.988103354580583	0.86174232911214	0.575009834629659	3.99795424359696	49.1195285694224	0.205068304155873	0.062229059193901	0.0516178847050333	1.5797686845463	0.0929271071350053	10	0.6	0	0	0.233149291684258	1.23054391633601	0.682541160194247	0.05	0.1	282.372059330703	0.701066635828962	4.48602783491111
4529	0.862963666169616	0.70251063270783	0.987905814393556	0.861754247608972	0.574789087216175	3.99959665068407	38.77661225329	0.205068304155873	0.0622112478075663	0.0516178847050333	1.5797686845463	0.0938899602258687	10	0.6	0	0	0.234615085740282	1.23094159003008	0.682605311721208	0.05	0.1	282.327701182752	0.701066635828962	4.48031040440485
4607	0.862963666169616	0.70251063270783	0.987905814393556	0.861754247608972	0.574789087216175	3.99959665068407	38.77661225329	0.205068304155873	0.0622112478075663	0.0516178847050333	1.5797686845463	0.0938899602258687	10	0.6	0	0	0.234615085740282	1.23094159003008	0.682605311721208	0.05	0.1	282.327701182752	0.701066635828962	4.48031040440485
4657	0.862963666169616	0.70251063270783	0.987905814393556	0.861754247608972	0.574789087216175	3.99959665068407	38.77661225329	0.205068304155873	0.0622112478075663	0.0516178847050333	1.5797686845463	0.0938899602258687	10	0.6	0	0	0.234615085740282	1.23094159003008	0.682605311721208	0.05	0.1	282.327701182752	0.701066635828962	4.48031040440485
4707	0.862963666169616	0.70251063270783	0.987905814393556	0.861754247608972	0.574789087216175	3.99959665068407	38.77661225329	0.205068304155873	0.0622112478075663	0.0516178847050333	1.5797686845463	0.0938899602258687	10	0.6	0	0	0.234615085740282	1.23094159003008	0.682605311721208	0.05	0.1	282.327701182752	0.701066635828962	4.48031040440485
4757	0.862963666169616	0.70251063270783	0.987905814393556	0.861754247608972	0.574789087216175	3.99959665068407	38.77661225329	0.205068304155873	0.0622112478075663	0.0516178847050333	1.5797686845463	0.0938899602258687	10	0.6	0	0	0.234615085740282	1.23094159003008	0.682605311721208	0.05	0.1	282.327701182752	0.701066635828962	4.48031040440485
4833	0.862963666169616	0.70251063270783	0.987905814393556	0.861754247608972	0.574789087216175	3.99959665068407	38.77661225329	0.205068304155873	0.0622112478075663	0.0516178847050333	1.5797686845463	0.0938899602258687	10	0.6	0	0	0.234615085740282	1.23094159003008	0.682605311721208	0.05	0.1	282.327701182752	0.701066635828962	4.48031040440485
4901	0.862969098820718	0.701725305051452	0.987141213192401	0.861683220139958	0.572394381566929	3.9987671851958	38.77661225329	0.205068304155873	0.0620051968590027	0.0516178847050333	1.5797686845463	0.093728377298844	10	0.6	0	0	0.234615085740282	1.23094159003008	0.682390163256214	0.05	0.1	282.368244691681	0.701066635828962	4.45242127142828
4951	0.862972104590564	0.703128090448247	0.987388965803734	0.861711001170937	0.5729589897499	3.9987238478614	44.7700154580701	0.205068304155873	0.0623752153567534	0.0514566598535142	1.55849032372025	0.092331430844553	10	0.6	0	0	0.234615085740282	1.23094159003008	0.682602141569836	0.05	0.1	282.344845542288	0.701090492052758	4.46718762542074
5001	0.862989474208314	0.702194568901527	0.985769349158427	0.861566409124157	0.574188272514403	3.9989272848087	39.8649521867725	0.305582525490589	0.062210102352866	0.0516178847050333	1.5797686845463	0.0938899602258687	10	0.6	0	0	0.234615085740282	1.23094159003008	0.686429428768544	0.05	0.1	282.335659988503	0.701066635828962	4.48310518972156
6006	0.864226362900745	0.696827627159004	0.985060404853594	0.862732403386105	0.568353872523015	3.99990144186294	42.9620285649926	0.179726442968255	0.0595016696538409	0.0517381411161815	1.49484670640488	0.0929981623863953	10	0.6	0	0	0.269994586940827	1.29977506077542	0.703665403304727	0.05	0.1	284.61091594475	0.689849070634282	4.34692045987182
